           3
  grids:           1           4
   73.00000       38.00000    
  AREA : SYN_0003
 model_crust=           2
  section: 1 dist=   1049.454    
  section: 2 dist=   666.7643    
  section: 3 dist=   829.0123    
